-599.999999877034	3.5653248691645657e-10
-593.9698491244159	-1.0101915826372369e-8
-587.9396983717977	-4.2160905503095784e-8
-581.9095476191795	-9.689357255939287e-8
-575.8793968665614	-1.7544043410082384e-7
-569.8492461139432	-2.7901448331920306e-7
-563.819095361325	-4.0890673545908994e-7
-557.7889446087069	-5.664922705825793e-7
-551.7587938560887	-7.532368235804803e-7
-545.7286431034705	-9.707039788457727e-7
-539.6984923508523	-1.220563032991567e-6
-533.6683415982342	-1.5045975970472208e-6
-527.638190845616	-1.8247150178123044e-6
-521.6080400929978	-2.1829567078053435e-6
-515.5778893403797	-2.5815094844788644e-6
-509.5477385877615	-3.022718032268896e-6
-503.51758783514333	-3.5090986146547114e-6
-497.48743708252516	-4.043354180334316e-6
-491.457286329907	-4.628391026573966e-6
-485.4271355772888	-5.267337204081969e-6
-479.39698482467065	-5.963562872331952e-6
-473.3668340720525	-6.720702843164137e-6
-467.3366833194343	-7.5426815828343665e-6
-461.30653256681614	-8.433740980893246e-6
-455.276381814198	-9.39847123805068e-6
-449.2462310615798	-0.000010441845275652638
-443.21608030896164	-0.000011569257129054167
-437.18592955634347	-0.000012786564855433922
-431.1557788037253	-0.000014100138566998259
-425.1256280511071	-0.00001551691429471185
-419.09547729848896	-0.000017044454497475593
-413.0653265458708	-0.000018691016161464027
-407.0351757932526	-0.000020465627586576706
-401.00502504063445	-0.000022378175137809364
-394.9748742880163	-0.000024439501453201412
-388.9447235353981	-0.000026661516853889583
-382.91457278277994	-0.00002905732600524675
-376.8844220301618	-0.000031641372240467885
-370.8542712775436	-0.000034429602393004726
-364.82412052492543	-0.00003743965550817722
-358.79396977230726	-0.00004069107943725785
-352.7638190196891	-0.000044205580085113666
-346.7336682670709	-0.000048007309017611
-340.70351751445276	-0.000052123196278805196
-334.6733667618346	-0.00005658333667206869
-328.6432160092164	-0.00006142143949321326
-322.61306525659825	-0.00006667535385361622
-316.5829145039801	-0.00007238768441195481
-310.5527637513619	-0.00007860651569494622
-304.52261299874374	-0.00008538626742869095
-298.49246224612557	-0.00009278870868936138
-292.4623114935074	-0.00010088416557166064
-286.43216074088923	-0.00010975296595603307
-280.40200998827106	-0.00011948717650134146
-274.3718592356529	-0.0001301927021393061
-268.3417084830347	-0.00014199183842320185
-262.31155773041655	-0.0001550263939868729
-256.2814069777984	-0.00016946153686193003
-250.2512562251802	-0.00018549056856385804
-244.22110547256204	-0.00020334089983356588
-238.19095471994387	-0.00022328160112016494
-232.1608039673257	-0.0002456330440297841
-226.13065321470754	-0.0002707793605496316
-220.10050246208937	-0.0002991847633127542
-214.0703517094712	-0.0003314152569083246
-208.04020095685303	-0.00036816803823347833
-202.01005020423486	-0.00041031213025810034
-195.9798994516167	-0.00045894588104670184
-189.94974869899852	-0.0005154805843243545
-183.91959794638035	-0.0005817660457666802
-177.88944719376218	-0.0006602864740055867
-171.859296441144	-0.0007544808423811941
-165.82914568852584	-0.0008693003254099105
-159.79899493590767	-0.0010122688120069124
-153.7688441832895	-0.0011958080100694162
-147.73869343067133	-0.001443698760770806
-141.70854267805316	-0.001815777435720461
-135.678391925435	-0.0024445191251668136
-129.64824117281682	-0.0034138805625456466
-123.61809042019867	-0.004726035144387094
-117.58793966758051	-0.006386267109530013
-111.55778891496236	-0.008389507386749121
-105.5276381623442	-0.010738840933934828
-99.49748740972605	-0.013428782828963651
-93.4673366571079	-0.016458703756467293
-87.43718590448974	-0.01981833310266989
-81.40703515187158	-0.02344261696592095
-75.37688439925343	-0.0271595793717796
-69.34673364663527	-0.03076916126203733
-63.31658289401711	-0.03409916276799682
-57.28643214139895	-0.03708801924360226
-51.256281388780785	-0.039727001783681805
-45.22613063616262	-0.0420148924593079
-39.19597988354446	-0.04394662426892772
-33.1658291309263	-0.04552454056126162
-27.13567837830814	-0.046743610131611504
-21.10552762568998	-0.04760825652136725
-15.075376873071821	-0.04812103031108007
-9.045226120453663	-0.048370480067557696
-3.015075367835503	-0.04848331445836182
3.015075384782657	-0.04850490958531942
9.045226137400817	-0.04843526545455988
15.075376890018976	-0.048229005976512807
21.105527642637135	-0.04775942250946198
27.135678395255294	-0.046937966517488765
33.16582914787345	-0.04576208744615724
39.195979900491615	-0.04422736177279017
45.22613065310978	-0.04233882072788918
51.25628140572794	-0.04009412098061227
57.2864321583461	-0.03749832955775913
63.316582910964264	-0.03455266440232076
69.34673366358243	-0.03126585438217369
75.37688441620058	-0.02769946187329687
81.40703516881874	-0.024025684140585316
87.43718592143689	-0.020444579892867895
93.46733667405505	-0.017128127547511047
99.4974874266732	-0.014141383836350448
105.52763817929136	-0.011494619504069164
111.55778893190951	-0.009188463900862046
117.58793968452767	-0.007228401965458065
123.61809043714582	-0.0056113487709962065
129.64824118976398	-0.004342373400130848
135.67839194238215	-0.0034161916478809328
141.70854269500032	-0.0028306301197664157
147.7386934476185	-0.002501731994904284
153.76884420023666	-0.002297022051744724
159.79899495285483	-0.0021566639157482056
165.829145705473	-0.002056876759560681
171.85929645809117	-0.00198523886890617
177.88944721070933	-0.0019342263338178874
183.9195979633275	-0.0018988879525348248
189.94974871594567	-0.0018757847236913756
195.97989946856384	-0.0018624324125288431
202.010050221182	-0.0018569811901868187
208.04020097380018	-0.0018580197429008956
214.07035172641835	-0.0018644497055318955
220.10050247903652	-0.0018754020406704396
226.1306532316547	-0.0018901795392513147
232.16080398427286	-0.0019082161864421483
238.19095473689103	-0.0019290477609826488
244.2211054895092	-0.001952290123608242
250.25125624212737	-0.0019776228965605494
256.2814069947455	-0.002004777004175682
262.3115577473637	-0.0020335250312795497
268.34170849998185	-0.002063673672576252
274.3718592526	-0.002095057756799998
280.4020100052182	-0.002127535472540944
286.43216075783636	-0.0021609845218552946
292.4623115104545	-0.002195298997746035
298.4924622630727	-0.002230386831764135
304.52261301569087	-0.0022661676944725623
310.55276376830903	-0.002302571258418816
316.5829145209272	-0.002339535753338743
322.6130652735454	-0.002377006758463683
328.64321602616354	-0.002414936188349436
334.6733667787817	-0.002453281437527476
340.7035175313999	-0.0024920046561696906
346.73366828401805	-0.0025310721343442936
352.7638190366362	-0.002570453776682132
358.7939697892544	-0.0026101226526345036
364.82412054187256	-0.0026500546101842913
370.85427129449073	-0.002690227943022338
376.8844220471089	-0.0027306231029342364
382.91457279972707	-0.0027712224505477526
388.94472355234524	-0.0028120100387345605
394.9748743049634	-0.0028529714238949492
401.0050250575816	-0.0028940935011221363
407.03517581019975	-0.002935364359875951
413.0653265628179	-0.002976773157319227
419.0954773154361	-0.003018310006905629
425.12562806805425	-0.003059965880169849
431.1557788206724	-0.003101732519974482
437.1859295732906	-0.0031436023637221523
443.21608032590876	-0.0031855684752549952
449.24623107852693	-0.003227624484344335
455.2763818311451	-0.003269764532825921
461.30653258376327	-0.003311983226565783
467.33668333638144	-0.003354275592551577
473.3668340889996	-0.0033966370404986583
479.3969848416178	-0.0034390633284398613
485.42713559423595	-0.0034815505318370223
491.4572863468541	-0.0035240950158116676
497.4874370994723	-0.0035666934101426097
503.51758785209046	-0.0036093425867216406
509.5477386047086	-0.00365203963919802
515.5778893573267	-0.003694781864573388
521.6080401099449	-0.0037375667465380266
527.6381908625631	-0.003780391940364243
533.6683416151812	-0.003823255259194105
539.6984923677994	-0.003866154661577363
545.7286431204176	-0.00390908824013187
551.7587938730358	-0.003952054211213523
557.7889446256539	-0.00399505090549468
563.8190953782721	-0.0040380767593618866
569.8492461308903	-0.00408113030705292
575.8793968835084	-0.004124210173462089
581.9095476361266	-0.004167315067549911
587.9396983887448	-0.004210443776300429
593.9698491413629	-0.0042535951591751945
599.9999998939811	-0.004296768143017924